W1 <- c(1, 2, 3)
W2 <- c(4, 5, 6)
W3 <- c(7, 8, 9)

